U = 4.18023e-09   
B = 6.60085e-09  
V = 3.60994e-09   
R = 2.28665e-09     
I = 1.22603e-09   
Z = 7.76068e-10     
Y = 5.973e-10   
J = 3.12e-10   
H = 1.14e-10      
K = 3.94e-11    
L = 4.83e-12    
M = 2.04e-12   
N = 1.23e-13     
Q = 6.8e-15     